49.000000
51.000000
54.000000
56.000000
59.000000
59.000000
59.000000
54.000000
49.000000
42.000000
32.000000
24.000000
15.000000
10.000000
7.000000
5.000000
0.000000
-5.000000
-2.000000
-7.000000
-7.000000
-12.000000
-10.000000
-10.000000
-10.000000
-10.000000
-10.000000
-7.000000
-7.000000
-7.000000
-10.000000
-7.000000
-5.000000
-5.000000
-5.000000
-7.000000
-5.000000
-5.000000
-2.000000
-2.000000
2.000000
5.000000
12.000000
15.000000
20.000000
27.000000
32.000000
37.000000
42.000000
42.000000
37.000000
32.000000
22.000000
12.000000
2.000000
-7.000000
-10.000000
-17.000000
-20.000000
-22.000000
-22.000000
-22.000000
-24.000000
-29.000000
-27.000000
-29.000000
-29.000000
-27.000000
-27.000000
-17.000000
0.000000
24.000000
68.000000
134.000000
193.000000
227.000000
232.000000
205.000000
144.000000
76.000000
24.000000
-5.000000
-17.000000
-20.000000
-20.000000
-22.000000
-27.000000
-32.000000
-39.000000
-42.000000
-42.000000
-39.000000
-37.000000
-37.000000
-37.000000
-34.000000
-34.000000
-34.000000
-32.000000
-32.000000
-32.000000
-29.000000
-29.000000
-29.000000
-27.000000
-24.000000
-24.000000
-22.000000
-22.000000
-20.000000
-17.000000
-15.000000
-15.000000
-12.000000
-10.000000
-7.000000
-5.000000
-2.000000
0.000000
5.000000
7.000000
10.000000
12.000000
17.000000
20.000000
24.000000
27.000000
32.000000
37.000000
42.000000
44.000000
46.000000
51.000000
51.000000
56.000000
56.000000
59.000000
54.000000
51.000000
46.000000
39.000000
32.000000
22.000000
15.000000
7.000000
2.000000
0.000000
-5.000000
-7.000000
-10.000000
-12.000000
-12.000000
-15.000000
-15.000000
-15.000000
-15.000000
-17.000000
-15.000000
-15.000000
-15.000000
-12.000000
-12.000000
-12.000000
-12.000000
-12.000000
-12.000000
-12.000000
-10.000000
-10.000000
-10.000000
-7.000000
-5.000000
-2.000000
2.000000
7.000000
15.000000
20.000000
27.000000
29.000000
34.000000
37.000000
37.000000
37.000000
29.000000
20.000000
10.000000
2.000000
-5.000000
-17.000000
-20.000000
-22.000000
-22.000000
-22.000000
-22.000000
-24.000000
-24.000000
-22.000000
-22.000000
-24.000000
-24.000000
-24.000000
-17.000000
0.000000
34.000000
85.000000
146.000000
200.000000
234.000000
237.000000
205.000000
144.000000
81.000000
29.000000
-2.000000
-17.000000
-20.000000
-17.000000
-20.000000
-24.000000
-32.000000
-37.000000
-37.000000
-37.000000
-34.000000
-34.000000
-32.000000
-32.000000
-32.000000
-32.000000
-32.000000
-32.000000
-29.000000
-29.000000
-29.000000
-24.000000
-22.000000
-22.000000
-20.000000
-20.000000
-20.000000
-17.000000
-15.000000
-15.000000
-12.000000
-10.000000
-10.000000
-5.000000
-5.000000
-2.000000
2.000000
5.000000
7.000000
10.000000
15.000000
15.000000
20.000000
22.000000
24.000000
27.000000
32.000000
34.000000
39.000000
42.000000
46.000000
49.000000
51.000000
54.000000
56.000000
54.000000
54.000000
49.000000
44.000000
37.000000
29.000000
20.000000
12.000000
7.000000
2.000000
0.000000
-2.000000
-2.000000
-7.000000
-7.000000
-10.000000
-10.000000
-12.000000
-12.000000
-12.000000
-12.000000
-10.000000
-12.000000
-12.000000
-12.000000
-12.000000
-10.000000
-10.000000
-10.000000
-7.000000
-10.000000
-10.000000
-7.000000
-7.000000
-5.000000
0.000000
5.000000
10.000000
15.000000
20.000000
27.000000
34.000000
39.000000
39.000000
42.000000
39.000000
29.000000
22.000000
12.000000
2.000000
-7.000000
-12.000000
-17.000000
-20.000000
-20.000000
-20.000000
-20.000000
-22.000000
-22.000000
-24.000000
-22.000000
-24.000000
-24.000000
-24.000000
-20.000000
-2.000000
29.000000
76.000000
132.000000
190.000000
234.000000
242.000000
215.000000
164.000000
100.000000
37.000000
0.000000
-17.000000
-20.000000
-17.000000
-17.000000
-24.000000
-29.000000
-37.000000
-39.000000
-39.000000
-37.000000
-37.000000
-37.000000
-34.000000
-34.000000
-34.000000
-34.000000
-34.000000
-32.000000
-29.000000
-29.000000
-27.000000
-27.000000
-24.000000
-24.000000
-22.000000
-22.000000
-20.000000
-20.000000
-20.000000
-17.000000
-15.000000
-12.000000
-10.000000
-7.000000
-2.000000
0.000000
2.000000
5.000000
7.000000
10.000000
12.000000
15.000000
20.000000
24.000000
29.000000
34.000000
37.000000
39.000000
46.000000
49.000000
51.000000
54.000000
54.000000
56.000000
56.000000
54.000000
51.000000
46.000000
39.000000
32.000000
24.000000
17.000000
10.000000
5.000000
0.000000
-5.000000
-7.000000
-10.000000
-12.000000
-15.000000
-15.000000
-15.000000
-17.000000
-17.000000
-17.000000
-17.000000
-15.000000
-15.000000
-15.000000
-15.000000
-15.000000
-15.000000
-12.000000
-12.000000
-12.000000
-12.000000
-12.000000
-10.000000
-7.000000
-7.000000
-2.000000
0.000000
5.000000
10.000000
17.000000
20.000000
24.000000
29.000000
34.000000
37.000000
37.000000
29.000000
22.000000
12.000000
2.000000
-7.000000
-15.000000
-20.000000
-22.000000
-22.000000
-24.000000
-24.000000
-27.000000
-27.000000
-27.000000
-27.000000
-27.000000
-27.000000
-27.000000
-22.000000
-10.000000
10.000000
46.000000
107.000000
171.000000
217.000000
237.000000
222.000000
171.000000
105.000000
44.000000
5.000000
-17.000000
-24.000000
-22.000000
-24.000000
-29.000000
-34.000000
-39.000000
-42.000000
-42.000000
-42.000000
-39.000000
-37.000000
-37.000000
-37.000000
-34.000000
-34.000000
-34.000000
-34.000000
-32.000000
-32.000000
-32.000000
-29.000000
-29.000000
-27.000000
-24.000000
-24.000000
-22.000000
-20.000000
-17.000000
-15.000000
-15.000000
-15.000000
-10.000000
-10.000000
-7.000000
-5.000000
-2.000000
0.000000
5.000000
7.000000
10.000000
15.000000
17.000000
22.000000
27.000000
29.000000
34.000000
37.000000
42.000000
44.000000
46.000000
51.000000
54.000000
56.000000
59.000000
59.000000
56.000000
51.000000
46.000000
37.000000
27.000000
20.000000
12.000000
7.000000
5.000000
2.000000
-2.000000
-2.000000
-5.000000
-7.000000
-7.000000
-10.000000
-10.000000
-7.000000
-10.000000
-10.000000
-10.000000
-10.000000
-10.000000
-10.000000
-7.000000
-7.000000
-7.000000
-7.000000
-7.000000
-7.000000
-5.000000
-5.000000
-2.000000
5.000000
7.000000
12.000000
17.000000
24.000000
27.000000
37.000000
44.000000
46.000000
46.000000
44.000000
39.000000
27.000000
20.000000
10.000000
0.000000
-5.000000
-10.000000
-15.000000
-15.000000
-17.000000
-17.000000
-17.000000
-20.000000
-20.000000
-20.000000
-22.000000
-22.000000
-22.000000
-20.000000
-10.000000
7.000000
51.000000
107.000000
173.000000
227.000000
256.000000
249.000000
200.000000
132.000000
63.000000
12.000000
-17.000000
-27.000000
-24.000000
-24.000000
-22.000000
-24.000000
-32.000000
-37.000000
-37.000000
-37.000000
-37.000000
-34.000000
-32.000000
-32.000000
-32.000000
-32.000000
-32.000000
-29.000000
-29.000000
-27.000000
-27.000000
-24.000000
-24.000000
-22.000000
-22.000000
-22.000000
-17.000000
-17.000000
-15.000000
-15.000000
-12.000000
-10.000000
-7.000000
-5.000000
-2.000000
0.000000
2.000000
5.000000
7.000000
10.000000
12.000000
17.000000
20.000000
22.000000
24.000000
29.000000
34.000000
39.000000
42.000000
44.000000
49.000000
51.000000
54.000000
54.000000
54.000000
54.000000
51.000000
44.000000
39.000000
29.000000
22.000000
15.000000
7.000000
2.000000
0.000000
-2.000000
-10.000000
-10.000000
-12.000000
-12.000000
-15.000000
-15.000000
-15.000000
-17.000000
-17.000000
-17.000000
-17.000000
-17.000000
-17.000000
-15.000000
-17.000000
-15.000000
-15.000000
-15.000000
-15.000000
-15.000000
-12.000000
-10.000000
-7.000000
-5.000000
0.000000
7.000000
12.000000
15.000000
20.000000
27.000000
34.000000
37.000000
39.000000
42.000000
37.000000
27.000000
17.000000
10.000000
0.000000
-10.000000
-15.000000
-20.000000
-20.000000
-22.000000
-22.000000
-22.000000
-22.000000
-22.000000
-22.000000
-24.000000
-24.000000
-24.000000
-24.000000
-17.000000
2.000000
37.000000
90.000000
151.000000
205.000000
249.000000
249.000000
212.000000
151.000000
85.000000
24.000000
-7.000000
-22.000000
-24.000000
-22.000000
-24.000000
-29.000000
-37.000000
-42.000000
-42.000000
-42.000000
-39.000000
-39.000000
-37.000000
-37.000000
-34.000000
-34.000000
-34.000000
-32.000000
-32.000000
-32.000000
-32.000000
-29.000000
-27.000000
-27.000000
-24.000000
-24.000000
-22.000000
-20.000000
-20.000000
-17.000000
-17.000000
-12.000000
-12.000000
-10.000000
-7.000000
-2.000000
0.000000
0.000000
5.000000
7.000000
7.000000
15.000000
17.000000
22.000000
27.000000
32.000000
37.000000
39.000000
42.000000
46.000000
51.000000
54.000000
56.000000
59.000000
59.000000
59.000000
56.000000
51.000000
46.000000
39.000000
29.000000
20.000000
15.000000
7.000000
2.000000
-2.000000
-2.000000
-7.000000
-10.000000
-15.000000
-15.000000
-17.000000
-17.000000
-17.000000
-17.000000
-17.000000
-17.000000
-17.000000
-17.000000
-20.000000
-17.000000
-17.000000
-17.000000
-17.000000
-15.000000
-15.000000
-15.000000
-15.000000
-15.000000
-12.000000
-10.000000
-7.000000
-5.000000
0.000000
5.000000
12.000000
17.000000
22.000000
27.000000
32.000000
34.000000
34.000000
29.000000
22.000000
12.000000
2.000000
-7.000000
-15.000000
-22.000000
-24.000000
-27.000000
-27.000000
-27.000000
-27.000000
-27.000000
-29.000000
-29.000000
-29.000000
-32.000000
-34.000000
-29.000000
-20.000000
0.000000
37.000000
93.000000
154.000000
205.000000
225.000000
215.000000
171.000000
105.000000
49.000000
10.000000
-12.000000
-20.000000
-20.000000
-22.000000
-27.000000
-32.000000
-37.000000
-42.000000
-44.000000
-42.000000
-39.000000
-39.000000
-39.000000
-37.000000
-37.000000
-37.000000
-34.000000
-34.000000
-32.000000
-29.000000
-29.000000
-29.000000
-27.000000
-24.000000
-24.000000
-24.000000
-22.000000
-20.000000
-17.000000
-17.000000
-15.000000
-15.000000
-12.000000
-10.000000
-7.000000
-5.000000
0.000000
2.000000
5.000000
10.000000
12.000000
17.000000
22.000000
27.000000
32.000000
34.000000
39.000000
44.000000
46.000000
51.000000
54.000000
59.000000
61.000000
61.000000
61.000000
61.000000
59.000000
54.000000
49.000000
44.000000
37.000000
27.000000
17.000000
12.000000
7.000000
2.000000
-2.000000
-2.000000
-7.000000
-7.000000
-10.000000
-10.000000
-12.000000
-12.000000
-12.000000
-12.000000
-12.000000
-10.000000
-10.000000
-7.000000
-7.000000
-7.000000
-5.000000
-5.000000
-5.000000
-5.000000
-5.000000
-2.000000
-2.000000
0.000000
2.000000
5.000000
10.000000
12.000000
20.000000
24.000000
32.000000
37.000000
42.000000
42.000000
44.000000
34.000000
24.000000
15.000000
5.000000
-5.000000
-10.000000
-17.000000
-20.000000
-22.000000
-24.000000
-24.000000
-24.000000
-27.000000
-29.000000
-29.000000
-32.000000
-29.000000
-27.000000
-24.000000
-17.000000
5.000000
42.000000
93.000000
154.000000
208.000000
244.000000
242.000000
203.000000
144.000000
78.000000
22.000000
-10.000000
-22.000000
-22.000000
-22.000000
-24.000000
-27.000000
-34.000000
-37.000000
-39.000000
-37.000000
-37.000000
-32.000000
-32.000000
-29.000000
-29.000000
-27.000000
-24.000000
-24.000000
-22.000000
-22.000000
-20.000000
-17.000000
-17.000000
-17.000000
-17.000000
-15.000000
-12.000000
-12.000000
-10.000000
-7.000000
-7.000000
-2.000000
-2.000000
-2.000000
0.000000
2.000000
5.000000
7.000000
7.000000
10.000000
12.000000
17.000000
22.000000
24.000000
29.000000
34.000000
37.000000
39.000000
44.000000
49.000000
51.000000
54.000000
56.000000
59.000000
59.000000
59.000000
54.000000
51.000000
44.000000
39.000000
29.000000
20.000000
12.000000
7.000000
2.000000
-2.000000
-7.000000
-10.000000
-12.000000
-12.000000
-15.000000
-17.000000
-17.000000
-20.000000
-22.000000
-22.000000
-24.000000
-24.000000
-24.000000
-24.000000
-24.000000
-22.000000
-22.000000
-22.000000
-22.000000
-22.000000
-20.000000
-17.000000
-12.000000
-7.000000
-2.000000
0.000000
5.000000
7.000000
17.000000
22.000000
29.000000
32.000000
37.000000
39.000000
39.000000
37.000000
32.000000
22.000000
7.000000
-2.000000
-10.000000
-15.000000
-20.000000
-22.000000
-22.000000
-22.000000
-22.000000
-22.000000
-24.000000
-24.000000
-24.000000
-27.000000
-27.000000
-24.000000
-17.000000
0.000000
29.000000
76.000000
139.000000
195.000000
227.000000
225.000000
193.000000
132.000000
68.000000
20.000000
-5.000000
-15.000000
-20.000000
-22.000000
-24.000000
-29.000000
-37.000000
-39.000000
-44.000000
-44.000000
-42.000000
-39.000000
-39.000000
-39.000000
-39.000000
-37.000000
-37.000000
-37.000000
-37.000000
-34.000000
-32.000000
-32.000000
-32.000000
-32.000000
-29.000000
-29.000000
-29.000000
-27.000000
-24.000000
-22.000000
-20.000000
-17.000000
-17.000000
-12.000000
-12.000000
-7.000000
-7.000000
-2.000000
0.000000
5.000000
7.000000
7.000000
15.000000
20.000000
24.000000
27.000000
32.000000
37.000000
42.000000
46.000000
49.000000
51.000000
51.000000
54.000000
54.000000
54.000000
54.000000
49.000000
44.000000
37.000000
29.000000
22.000000
12.000000
7.000000
5.000000
0.000000
-2.000000
-2.000000
-5.000000
-7.000000
-7.000000
-7.000000
-7.000000
-7.000000
-7.000000
-7.000000
-7.000000
-7.000000
-7.000000
-7.000000
-7.000000
-7.000000
-7.000000
-7.000000
-7.000000
-7.000000
-7.000000
-7.000000
-7.000000
-5.000000
-2.000000
0.000000
5.000000
7.000000
12.000000
20.000000
24.000000
29.000000
34.000000
39.000000
39.000000
39.000000
34.000000
24.000000
15.000000
7.000000
-2.000000
-7.000000
-15.000000
-15.000000
-15.000000
-17.000000
-17.000000
-17.000000
-20.000000
-20.000000
-20.000000
-22.000000
-22.000000
-22.000000
-20.000000
-10.000000
10.000000
51.000000
105.000000
164.000000
212.000000
244.000000
234.000000
190.000000
129.000000
68.000000
15.000000
-12.000000
-20.000000
-17.000000
-17.000000
-17.000000
-24.000000
-29.000000
-37.000000
-37.000000
-37.000000
-37.000000
-34.000000
-32.000000
-32.000000
-29.000000
-29.000000
-29.000000
-27.000000
-27.000000
-24.000000
-24.000000
-24.000000
-22.000000
-22.000000
-22.000000
-17.000000
-17.000000
-15.000000
-15.000000
-15.000000
-12.000000
-10.000000
-7.000000
-5.000000
-2.000000
0.000000
5.000000
7.000000
5.000000
7.000000
15.000000
15.000000
20.000000
22.000000
24.000000
29.000000
32.000000
37.000000
39.000000
44.000000
46.000000
49.000000
51.000000
54.000000
54.000000
51.000000
49.000000
49.000000
44.000000
34.000000
27.000000
20.000000
12.000000
7.000000
2.000000
-2.000000
-2.000000
-7.000000
-7.000000
-10.000000
-12.000000
-15.000000
-15.000000
-15.000000
-15.000000
-15.000000
-15.000000
-15.000000
-15.000000
-15.000000
-12.000000
-12.000000
-12.000000
-12.000000
-12.000000
-12.000000
-12.000000
-10.000000
-7.000000
-7.000000
-2.000000
2.000000
5.000000
10.000000
17.000000
22.000000
29.000000
32.000000
37.000000
39.000000
37.000000
32.000000
22.000000
12.000000
2.000000
-10.000000
-15.000000
-22.000000
-24.000000
-24.000000
-22.000000
-24.000000
-24.000000
-24.000000
-24.000000
-24.000000
-24.000000
-24.000000
-22.000000
-20.000000
-7.000000
17.000000
56.000000
112.000000
181.000000
234.000000
256.000000
244.000000
198.000000
125.000000
54.000000
5.000000
-20.000000
-29.000000
-27.000000
-24.000000
-29.000000
-34.000000
-39.000000
-42.000000
-42.000000
-42.000000
-37.000000
-34.000000
-34.000000
-32.000000
-32.000000
-32.000000
-29.000000
-29.000000
-29.000000
-27.000000
-27.000000
-24.000000
-24.000000
-22.000000
-22.000000
-20.000000
-20.000000
-17.000000
-15.000000
-15.000000
-12.000000
-10.000000
-7.000000
-7.000000
-2.000000
0.000000
2.000000
5.000000
7.000000
7.000000
10.000000
15.000000
20.000000
22.000000
27.000000
29.000000
37.000000
39.000000
42.000000
46.000000
49.000000
54.000000
56.000000
59.000000
59.000000
56.000000
51.000000
46.000000
42.000000
32.000000
22.000000
15.000000
7.000000
5.000000
2.000000
-5.000000
-7.000000
-10.000000
-12.000000
-12.000000
-15.000000
-17.000000
-15.000000
-15.000000
-17.000000
-17.000000
-17.000000
-17.000000
-17.000000
-15.000000
-17.000000
-15.000000
-15.000000
-15.000000
-12.000000
-12.000000
-12.000000
-12.000000
-10.000000
-7.000000
-2.000000
2.000000
5.000000
12.000000
20.000000
24.000000
29.000000
37.000000
39.000000
42.000000
37.000000
34.000000
24.000000
12.000000
2.000000
-7.000000
-12.000000
-17.000000
-20.000000
-22.000000
-22.000000
-22.000000
-24.000000
-24.000000
-24.000000
-24.000000
-24.000000
-24.000000
-24.000000
-17.000000
-7.000000
15.000000
59.000000
125.000000
188.000000
239.000000
261.000000
247.000000
193.000000
122.000000
56.000000
10.000000
-17.000000
-27.000000
-24.000000
-24.000000
-27.000000
-32.000000
-37.000000
-39.000000
-42.000000
-42.000000
-39.000000
-34.000000
-34.000000
-34.000000
-34.000000
-34.000000
-34.000000
-32.000000
-29.000000
-32.000000
-29.000000
-29.000000
-27.000000
-24.000000
-24.000000
-22.000000
-22.000000
-22.000000
-17.000000
-17.000000
-15.000000
-10.000000
-10.000000
-7.000000
-5.000000
-5.000000
-2.000000
2.000000
2.000000
5.000000
10.000000
12.000000
17.000000
20.000000
24.000000
29.000000
34.000000
39.000000
42.000000
44.000000
49.000000
51.000000
54.000000
56.000000
56.000000
54.000000
49.000000
44.000000
39.000000
34.000000
24.000000
15.000000
7.000000
5.000000
0.000000
-7.000000
-7.000000
-10.000000
-12.000000
-15.000000
-15.000000
-15.000000
-17.000000
-17.000000
-17.000000
-17.000000
-15.000000
-15.000000
-15.000000
-15.000000
-17.000000
-15.000000
-15.000000
-15.000000
-15.000000
-12.000000
-12.000000
-10.000000
-10.000000
-7.000000
-5.000000
2.000000
7.000000
12.000000
17.000000
24.000000
29.000000
34.000000
39.000000
42.000000
39.000000
32.000000
24.000000
15.000000
5.000000
-2.000000
-12.000000
-15.000000
-17.000000
-20.000000
-22.000000
-22.000000
-22.000000
-24.000000
-24.000000
-24.000000
-24.000000
-24.000000
-27.000000
-24.000000
-12.000000
10.000000
51.000000
105.000000
171.000000
227.000000
261.000000
254.000000
210.000000
146.000000
73.000000
17.000000
-12.000000
-24.000000
-24.000000
-24.000000
-24.000000
-29.000000
-34.000000
-39.000000
-42.000000
-42.000000
-37.000000
-37.000000
-37.000000
-37.000000
-37.000000
-34.000000
-32.000000
-32.000000
-29.000000
-29.000000
-29.000000
-27.000000
-24.000000
-24.000000
-22.000000
-22.000000
-17.000000
-17.000000
-20.000000
-15.000000
-15.000000
-15.000000
-12.000000
-10.000000
-7.000000
-2.000000
-2.000000
2.000000
7.000000
10.000000
12.000000
15.000000
17.000000
22.000000
27.000000
29.000000
32.000000
37.000000
39.000000
46.000000
46.000000
51.000000
51.000000
54.000000
54.000000
54.000000
51.000000
44.000000
39.000000
32.000000
24.000000
15.000000
10.000000
5.000000
-2.000000
-7.000000
-7.000000
-12.000000
-15.000000
-15.000000
-15.000000
-17.000000
-17.000000
-20.000000
-20.000000
-20.000000
-20.000000
-20.000000
-17.000000
-17.000000
-17.000000
-15.000000
-15.000000
-15.000000
-12.000000
-12.000000
-12.000000
-12.000000
-10.000000
-10.000000
-5.000000
2.000000
5.000000
7.000000
17.000000
22.000000
32.000000
34.000000
39.000000
42.000000
37.000000
34.000000
27.000000
15.000000
2.000000
-5.000000
-12.000000
-15.000000
-17.000000
-20.000000
-20.000000
-20.000000
-22.000000
-22.000000
-22.000000
-22.000000
-24.000000
-24.000000
-24.000000
-20.000000
-10.000000
7.000000
42.000000
100.000000
168.000000
227.000000
261.000000
261.000000
217.000000
149.000000
76.000000
22.000000
-10.000000
-22.000000
-22.000000
-24.000000
-24.000000
-29.000000
-37.000000
-39.000000
-44.000000
-42.000000
-42.000000
-39.000000
-39.000000
-39.000000
-37.000000
-37.000000
-37.000000
-32.000000
-32.000000
-29.000000
-27.000000
-27.000000
-27.000000
-24.000000
-24.000000
-24.000000
-24.000000
-22.000000
-17.000000
-17.000000
-15.000000
-12.000000
-10.000000
-7.000000
-2.000000
0.000000
2.000000
5.000000
7.000000
7.000000
12.000000
17.000000
20.000000
24.000000
29.000000
32.000000
39.000000
42.000000
46.000000
49.000000
51.000000
59.000000
59.000000
61.000000
61.000000
61.000000
59.000000
54.000000
46.000000
39.000000
29.000000
22.000000
12.000000
10.000000
7.000000
2.000000
-2.000000
-5.000000
-7.000000
-7.000000
-10.000000
-10.000000
-10.000000
-10.000000
-12.000000
-12.000000
-12.000000
-12.000000
-15.000000
-15.000000
-15.000000
-12.000000
-12.000000
-12.000000
-12.000000
-12.000000
-10.000000
-10.000000
-10.000000
-10.000000
-5.000000
0.000000
7.000000
10.000000
15.000000
22.000000
27.000000
32.000000
34.000000
37.000000
37.000000
34.000000
24.000000
17.000000
7.000000
-5.000000
-15.000000
-17.000000
-20.000000
-22.000000
-24.000000
-24.000000
-24.000000
-24.000000
-24.000000
-24.000000
-24.000000
-24.000000
-24.000000
-24.000000
-22.000000
-7.000000
24.000000
73.000000
134.000000
195.000000
247.000000
261.000000
237.000000
183.000000
115.000000
46.000000
0.000000
-17.000000
-24.000000
-24.000000
-22.000000
-27.000000
-32.000000
-37.000000
-42.000000
-44.000000
-42.000000
-39.000000
-37.000000
-37.000000
-34.000000
-37.000000
-32.000000
-34.000000
-32.000000
-32.000000
-32.000000
-27.000000
-27.000000
-27.000000
-24.000000
-22.000000
-20.000000
-20.000000
-17.000000
-17.000000
-15.000000
-12.000000
-10.000000
-10.000000
-7.000000
-2.000000
-2.000000
0.000000
5.000000
5.000000
10.000000
15.000000
15.000000
20.000000
24.000000
29.000000
32.000000
34.000000
39.000000
44.000000
44.000000
49.000000
51.000000
54.000000
54.000000
56.000000
54.000000
51.000000
44.000000
37.000000
27.000000
17.000000
15.000000
7.000000
2.000000
-2.000000
-7.000000
-7.000000
-10.000000
-12.000000
-12.000000
-12.000000
-15.000000
-15.000000
-15.000000
-15.000000
-12.000000
-15.000000
-15.000000
-15.000000
-15.000000
-12.000000
-15.000000
-12.000000
-12.000000
-10.000000
-10.000000
-12.000000
-10.000000
-7.000000
-2.000000
-2.000000
5.000000
7.000000
15.000000
17.000000
22.000000
29.000000
34.000000
39.000000
42.000000
37.000000
34.000000
22.000000
12.000000
2.000000
-5.000000
-15.000000
-17.000000
-20.000000
-22.000000
-22.000000
-22.000000
-22.000000
-22.000000
-22.000000
-24.000000
-24.000000
-24.000000
-24.000000
-20.000000
-12.000000
7.000000
42.000000
103.000000
171.000000
227.000000
259.000000
256.000000
210.000000
139.000000
68.000000
17.000000
-12.000000
-27.000000
-24.000000
-24.000000
-24.000000
-29.000000
-34.000000
-39.000000
-42.000000
-42.000000
-39.000000
-39.000000
-37.000000
-34.000000
-37.000000
-37.000000
-34.000000
-32.000000
-32.000000
-27.000000
-27.000000
-27.000000
-24.000000
-22.000000
-22.000000
-22.000000
-20.000000
-17.000000
-17.000000
-15.000000
-12.000000
-12.000000
-10.000000
-7.000000
-5.000000
-2.000000
2.000000
5.000000
7.000000
10.000000
15.000000
20.000000
22.000000
24.000000
27.000000
32.000000
37.000000
39.000000
42.000000
46.000000
49.000000
51.000000
54.000000
56.000000
56.000000
54.000000
51.000000
46.000000
42.000000
34.000000
27.000000
17.000000
10.000000
5.000000
0.000000
-2.000000
-5.000000
-10.000000
-10.000000
-12.000000
-12.000000
-15.000000
-15.000000
-15.000000
-17.000000
-17.000000
-15.000000
-15.000000
-15.000000
-15.000000
-15.000000
-15.000000
-12.000000
-12.000000
-12.000000
-12.000000
-12.000000
-10.000000
-10.000000
-10.000000
-5.000000
0.000000
5.000000
12.000000
17.000000
20.000000
24.000000
32.000000
37.000000
39.000000
42.000000
39.000000
34.000000
22.000000
15.000000
5.000000
-5.000000
-12.000000
-15.000000
-17.000000
-20.000000
-20.000000
-20.000000
-22.000000
-22.000000
-22.000000
-22.000000
-22.000000
-22.000000
-22.000000
-17.000000
-5.000000
22.000000
68.000000
125.000000
183.000000
239.000000
259.000000
237.000000
190.000000
125.000000
54.000000
7.000000
-17.000000
-22.000000
-22.000000
-22.000000
-27.000000
-32.000000
-39.000000
-42.000000
-39.000000
-37.000000
-34.000000
-32.000000
-32.000000
-32.000000
-32.000000
-32.000000
-32.000000
-29.000000
-29.000000
-27.000000
-27.000000
-27.000000
-24.000000
-22.000000
-24.000000
-22.000000
-20.000000
-20.000000
-17.000000
-15.000000
-12.000000
-12.000000
-10.000000
-7.000000
-5.000000
-2.000000
0.000000
2.000000
7.000000
10.000000
15.000000
17.000000
20.000000
22.000000
27.000000
29.000000
34.000000
37.000000
39.000000
44.000000
46.000000
49.000000
51.000000
54.000000
54.000000
51.000000
51.000000
44.000000
39.000000
29.000000
22.000000
15.000000
7.000000
5.000000
-2.000000
-7.000000
-10.000000
-12.000000
-15.000000
-17.000000
-17.000000
-17.000000
-20.000000
-20.000000
-20.000000
-20.000000
-20.000000
-20.000000
-20.000000
-20.000000
-20.000000
-20.000000
-17.000000
-17.000000
-17.000000
-15.000000
-15.000000
-15.000000
-15.000000
-15.000000
-15.000000
-10.000000
-5.000000
0.000000
7.000000
12.000000
20.000000
22.000000
29.000000
32.000000
32.000000
34.000000
29.000000
24.000000
12.000000
2.000000
-5.000000
-15.000000
-20.000000
-22.000000
-22.000000
-24.000000
-24.000000
-24.000000
-24.000000
-27.000000
-27.000000
-27.000000
-27.000000
-27.000000
-24.000000
-17.000000
0.000000
34.000000
85.000000
146.000000
195.000000
222.000000
220.000000
181.000000
122.000000
63.000000
17.000000
-7.000000
-17.000000
-20.000000
-17.000000
-22.000000
-24.000000
-32.000000
-37.000000
-39.000000
-39.000000
-37.000000
-37.000000
-34.000000
-34.000000
-32.000000
-32.000000
-32.000000
-29.000000
-27.000000
-27.000000
-27.000000
